113.09733552923255
113.09733552923255
113.09733552923255
113.09733552923255
113.09733552923255
113.09733552923255
113.09733552923255
113.09733552923255
113.09733552923255
113.09733552923255
113.09733552923255
113.09733552923255
113.09733552923255
113.09733552923255
113.09733552923255
113.09733552923255
113.09733552923255
113.09733552923255
113.09733552923255
113.09733552923255
113.09733552923255
113.09733552923255
113.09733552923255
113.09733552923255
113.09733552923255
113.09733552923255
113.09733552923255
113.09733552923255
113.09733552923255
113.09733552923255
113.09733552923255
113.09733552923255
