113.09733552923255
113.09733552923255
113.09733552923255
113.09733552923255
113.09733552923255
113.09733552923255
113.09733552923255
113.09733552923255
113.09733552923255
113.09733552923255
113.09733552923255
113.09733552923255
113.09733552923255
113.09733552923255
113.09733552923255
113.09733552923255
113.09733552923255
113.09733552923255
113.09733552923255
50.26548245743669
50.26548245743669
50.26548245743669
113.09733552923255
113.09733552923255
113.09733552923255
113.09733552923255
113.09733552923255
113.09733552923255
113.09733552923255
113.09733552923255
113.09733552923255
113.09733552923255
