199.37563206622627
206.41220780246414
199.37563206622627
194.87477788830802
199.5980962468552
194.52372334261713
179.58652530771172
177.4273382022056
179.08483013975354
181.64804497722
170.337041053581
175.62274964373583
164.60032843467667
163.95011105051054
171.21425036985147
166.11213373352703
163.7486574911219
158.98323159213666
158.98323159213666
157.76798156050353
160.30080927582796
157.76798156050353
158.98323159213666
158.98323159213666
163.7486574911219
166.11213373352703
171.21425036985147
163.95011105051054
164.60032843467667
175.62274964373583
170.337041053581
181.64804497722
