151.09171475938996
151.32489387537814
148.87492012164162
151.87101953614223
150.79395985746484
149.81355956233153
152.43423899734924
152.72634885608002
151.55554792782024
149.82914822911016
153.48686980657712
154.7385397677594
149.6184520383484
149.7846839386458
153.86969338903677
155.3071672187398
151.60228707752276
149.63199139094723
129.96752308672055
92.05082595110825
70.6029411764706
92.38085672691248
130.31709319348198
149.63052080271194
151.5998360971306
155.30961819913196
153.86969338903677
149.7846839386458
149.61551086187782
154.74001035599468
151.6821728936479
149.1243174415084
